,AAPL,MSFT,AMZN,V,JNJ,WMT,JPM,MA,PG,UNH,HD,INTC,VZ,NVDA,T,BAC,DIS,XOM,ADBE,KO,MRK,CSCO,PFE,NFLX,CMCSA,PEP,CVX,ORCL,ABBV,CRM,ABT,NKE,MCD,LLY,TMO,ACN,COST,AMGN,BMY,MDT,NEE,AVGO,DHR,WFC,AMT,KEY,DFS,COF,C,VTR,WELL,SPG,NLY,WY,ADSK,VMW,AMD,MU,TMUS,SIRI,VIAC,CTL,ATVI,AZN,TEVA,BSX,CVS,GILD,SO,EXC,EIX,D,PPL,F,EBAY,SBUX,LOW,GIS,GOLD,FCX,MT,LYB,RIO,IVV,KR,TGT,SYY,K,UN,SPX,LQD,SPSB,SHY,GLD,IAU,SLV,USO,UCO,DBA,TOPS,SHIP
AAPL,1.0,0.9500304780238822,0.9273229998379278,0.8756861447660116,0.7223281939598317,0.899233660222525,0.5830842308463112,0.8943589351129916,0.851739613823604,0.8362552053736909,0.9119736685110246,0.7373587110702571,0.6313562213478005,0.9252983352162226,-0.4934744309768851,0.517781217135414,0.5782369587474155,-0.8637375522750685,0.9459207301056634,0.5798628658647603,0.7283131653608791,0.570591977150485,0.3612715814560281,0.8631845289718735,0.6900765864917545,0.80484201174156,-0.18219961547230334,0.7915812325075562,0.5700731880816016,0.9221261782670306,0.9069499056488761,0.8973875300654325,0.7646388861604236,0.872746548198122,0.9519867727288407,0.8924125145555342,0.9184766316021202,0.9093223206009771,-0.13714160106864653,0.7448089337878225,0.9223423384032111,0.8029898773907578,0.9511607640722408,-0.7238995045227574,0.8754978841964858,0.012220321022569218,0.09233237478787613,0.007486822967908673,0.1263104254204892,-0.5960429545560454,-0.24775891953339402,-0.8640101681733303,-0.6590121247316191,-0.3256980055878425,0.9206095902786073,0.6217788629363117,0.9711397886761003,0.7120582243614596,0.911966100957932,0.5882684486724579,0.1540602111553958,-0.7260247716356576,0.7103284817482549,0.9172619226574869,-0.6877765283848662,0.7235619245747898,-0.6336204935963079,-0.4885535983810161,0.5363418292718735,0.39734194895264047,-0.342613038476109,0.4842871008452071,-0.5121677950271385,-0.7670612414645624,0.8265221408144939,0.6915964703604566,0.9421659833234113,-0.04221199087701146,0.681111446590529,0.014396931138900431,-0.3464502861363613,-0.3040859039951685,0.7009637705370398,0.8769739691399259,-0.16443270271004648,0.8608476078845045,0.49658896960321985,-0.2865200989430835,0.6036365137067282,0.6426782581560359,0.7569699809417325,0.5176340005262412,0.45837298986673114,0.8977208806730278,0.9001547614914102,0.5573940636448522,-0.5877933368425611,-0.4640365845365159,-0.8150378707471965,-0.4568121898515515,-0.6608091380178107
MSFT,0.9500304780238822,1.0,0.9690281503904026,0.9686164718436232,0.804012360718686,0.9408347095897583,0.6948643528515982,0.9734973553220029,0.8887797192399243,0.9117601128528561,0.960259291820612,0.8570721275645059,0.745977924949924,0.8956345376053013,-0.48831799935474274,0.6161167278741112,0.6401307738950927,-0.8519620350007494,0.9887925480806631,0.7020145397036789,0.837572102467351,0.7362725685443052,0.46699567700195843,0.9290151662595058,0.76443637346744,0.8946786802918506,-0.05452449926551928,0.8513348015392423,0.5922190072829644,0.9588849331783802,0.964667104923278,0.9387799215550228,0.8788053884480245,0.9358622353307061,0.988066423678482,0.9612623434056156,0.9780939354025346,0.9235077850838657,-0.2885612578328789,0.823952271663679,0.9821176582830369,0.8693979731800469,0.9824213320140184,-0.7215557634820892,0.9685163757287197,0.057310750911380964,0.1830642456476387,0.03569830656757373,0.196475462965592,-0.6194233058208262,-0.16735389219108318,-0.8430829064835973,-0.7012315937527681,-0.4767604980740986,0.9694537666391094,0.7427496247354383,0.9655254433269589,0.7559018635885933,0.9512630536633147,0.6863643908269538,-0.058892514786594914,-0.8584392590198685,0.7075698933774028,0.9331875405302121,-0.8055244573896068,0.8545797021565621,-0.7725506272352641,-0.610649011266911,0.6358700160780548,0.5636236879341537,-0.31833969651255517,0.505769558499661,-0.5458101058734413,-0.8825878427000052,0.821587632162365,0.8044145016634412,0.9261866763555517,-0.1224330562715564,0.6609360518951577,-0.1409940221307918,-0.43082671729763217,-0.3506996417986201,0.7356198790741637,0.9282063756832553,-0.29995850741122154,0.8130426483437913,0.6340913426996941,-0.38104771440317803,0.6771151974805878,0.7194385493780321,0.7195496529370025,0.43161027482930314,0.39361747008363784,0.8814796675760233,0.8856434292451564,0.3986580260510216,-0.6253833635953565,-0.5796346953790641,-0.93152581525072,-0.5950848847407927,-0.7795074917034733
AMZN,0.9273229998379278,0.9690281503904026,1.0,0.9430107791805916,0.8235553810413058,0.8972112080279085,0.7050066998803063,0.9432324995939874,0.7921356334300842,0.9377702327068417,0.9630716255169212,0.8362741048032502,0.7004258756812318,0.9386727267133154,-0.5425933606409158,0.6468398167681986,0.5659496042947703,-0.7982988151857215,0.9872867057345373,0.6179805127688238,0.7725611742768841,0.7689286934869946,0.5434204284463232,0.9719255332602371,0.7316210381097868,0.829823797103838,0.001635487042426979,0.8374990936189257,0.6666228317938528,0.9701897238512953,0.936749928607644,0.9206191910352046,0.8752563859934397,0.8898241011812609,0.9681014982694918,0.9565368068976419,0.9332632533964162,0.8909403900831341,-0.3332850886302716,0.7655376542072122,0.9408346589928914,0.8766137993351416,0.9521624464224747,-0.6850167802239489,0.9132883567111276,0.12226341017305253,0.2137667685991317,0.06287509923251047,0.21825012149569387,-0.6432140838233658,-0.25467012967933794,-0.801434425473869,-0.6366874711166097,-0.39956141822169144,0.9687626990315764,0.7760821905525225,0.9313276439501385,0.7709709593887722,0.9437111737887462,0.7281318952967591,-0.17577230175642727,-0.8613499001450384,0.7934060270913091,0.8719716914592625,-0.8171431864786711,0.8527282966680814,-0.8130348140010709,-0.6498614512173451,0.486693426295481,0.5739412471764885,-0.353822380294436,0.3883279478713276,-0.5926855231607265,-0.8801099482587158,0.8624860546537053,0.7185245481002653,0.9336067174803716,-0.1915616404700887,0.617893774091177,-0.08927958540304594,-0.331078266225895,-0.25156510148860955,0.7603183315218006,0.9304421677365579,-0.3369589035520579,0.7360974401527824,0.6519218848332758,-0.36100967359193614,0.7168888054947563,0.593118411023104,0.6142450627992639,0.3323887770820327,0.26528042809318486,0.8253376138965338,0.8300733627017195,0.3965141072056486,-0.6121381907700352,-0.5983960623154538,-0.9203918440501716,-0.6529400771259134,-0.7932869208446947
V,0.8756861447660116,0.9686164718436232,0.9430107791805916,1.0,0.8317267183106554,0.9270104553851629,0.8139404674339653,0.9962651640168896,0.8542450299177848,0.9401786146219169,0.96499628914517,0.9055681331643078,0.7836433545419264,0.8411918787260099,-0.45412190245449163,0.739788141089648,0.721743316837094,-0.7416016582917168,0.9692086421055948,0.7972188412144717,0.8843775176982895,0.8530056793110583,0.5867641132934668,0.9318900955874843,0.8179765198378114,0.9135220067601906,0.1319581633683494,0.8918871676470327,0.6283411112723878,0.9552188646835159,0.966313081097541,0.932761688470957,0.9415412265809917,0.8977315216026535,0.9595593310458639,0.9804461218397413,0.964038583496163,0.8937202082187387,-0.381397020216615,0.8780908080653235,0.9724389162547726,0.9014166085874498,0.9413777954077894,-0.5786012803899692,0.9693815790260605,0.21252862255200022,0.36434291059083745,0.1999021203872831,0.36717125244247184,-0.5233917661017632,-0.019840360206127415,-0.7309057014474573,-0.5987683130873537,-0.44399787839017724,0.961614556351717,0.8474342638639146,0.8972388982226486,0.8116547980664228,0.9164064686636572,0.7952208317880319,0.5285514763898674,-0.8969722176643982,0.698449544215457,0.8934362154689478,-0.8674182395571663,0.9392563603375447,-0.8265927659396839,-0.6730422766885802,0.6553413781849114,0.7152936599343346,-0.239832643069603,0.4916349544744642,-0.5090360039392106,-0.8704692063468448,0.7789885104725486,0.8436817818835005,0.8907746412563644,-0.2656380834222273,0.5409574173568318,-0.15853860266849323,-0.35672393323519364,-0.22885213238036375,0.7916798886069651,0.9618302846779965,-0.447034752904316,0.731972843900702,0.7745976351227071,-0.46234980125173514,0.7748868607900539,0.7158478058340303,0.6256966286508435,0.3226087947871542,0.2200454629194516,0.7808364496172006,0.7863909209126015,0.27279001176396933,-0.50809309323122,-0.5617774100770097,-0.9385676399179529,-0.651737064592799,-0.8298605850843401
JNJ,0.7223281939598317,0.804012360718686,0.8235553810413058,0.8317267183106554,1.0,0.784202310880511,0.80164629417368,0.8017695265357336,0.6956132537790373,0.9051897881021113,0.8445645460290809,0.792891725607129,0.6645088422933554,0.8158980050905871,-0.22726080895946027,0.7582631829886811,0.4737196878737129,-0.5233497944646407,0.8188762865414573,0.6928151477555425,0.72869776736238,0.7584300412943886,0.6058396243268197,0.802434879433232,0.8313778895039882,0.8481041091564805,0.29766752727026885,0.8396750258886282,0.7208094942909982,0.7940723193187671,0.7662836833286136,0.6975836498955393,0.8831128424475668,0.7247961333479931,0.8081282856656005,0.8566114640371968,0.7525466038897971,0.7847831952696683,-0.31326134277162215,0.7461399649149384,0.8280832025895097,0.9064225369375714,0.7757628329231379,-0.4175300749251023,0.8158972304276362,0.36253624395362793,0.3637435582370549,0.2439115724156348,0.4629857278853412,-0.45267109186835136,-0.07504181697415833,-0.6101373986240229,-0.2605714374635365,-0.21877954283498716,0.8610452805458768,0.7536106993890901,0.7468760866413001,0.7399528404103723,0.853301262229191,0.7834858262142935,0.1756250287297242,-0.8158140397516329,0.8075395355956633,0.6693999711726148,-0.8983158423899396,0.8577409446307798,-0.8058986711949087,-0.7840561882042143,0.5417597918055999,0.6951146801194081,0.047931153594809636,0.601064353860245,-0.22583064331855882,-0.8134864495031399,0.7583642305525308,0.602907106487676,0.7424081598202613,-0.18895632238834237,0.5994201574064542,-0.059145405306972855,-0.15002405923629814,-0.11609447199735103,0.7050891756972766,0.8806917350278252,-0.6037021666895507,0.41857855524561843,0.7396754821236624,-0.2757832051856766,0.8265461728063093,0.4207997822322705,0.5117588406991435,0.22147348665661792,0.05299443531986976,0.6552919131984023,0.6608428162364121,0.28485557325203564,-0.5694961924911645,-0.672741876304878,-0.8129770965356119,-0.8209526361968589,-0.8574449204714321
WMT,0.899233660222525,0.9408347095897583,0.8972112080279085,0.9270104553851629,0.784202310880511,1.0,0.6899782610372321,0.9357934949899903,0.891299066031578,0.8718697050798228,0.9144139398666824,0.8238193493159401,0.7707312046978406,0.8350568997150634,-0.4860968757692057,0.6213785955208843,0.6425568133225394,-0.7741369428053421,0.9303127580767945,0.7194156249123846,0.8371901296031757,0.7343898176396773,0.5078995152957592,0.8566803564299222,0.7663562945090551,0.8756149798319035,0.032949622036601366,0.8962200011266045,0.6008694431344961,0.9060663395196107,0.9555434063843589,0.8740605882851452,0.8575202389852719,0.8670564516367519,0.947541779742015,0.9128832106167012,0.9428254680154651,0.8879326695828702,-0.2769133131316484,0.8164449432754571,0.9455406813314882,0.8337426214844527,0.9300266847734885,-0.6330945094647568,0.93682569564433,0.0961889452966279,0.24736948409965148,0.10022085648354397,0.24883473024873196,-0.4466048468399168,-0.055835542458641085,-0.7902616219173911,-0.6425930722522336,-0.40967280530050804,0.912620521315219,0.7653650596496994,0.9050039889781719,0.7805485910361356,0.8786633397338506,0.6470867752204741,-0.15015621215547678,-0.7934515894917442,0.6241179874762927,0.9159190642784679,-0.7966304878942784,0.8251723410723927,-0.7289257515903166,-0.5560521128538198,0.624738771274881,0.6170364198478339,-0.3075401609265598,0.5545342029244217,-0.5487321695900906,-0.798283951784455,0.7537375962107994,0.7622203803061598,0.8816371724542478,-0.15868957282998275,0.6100771010276429,0.006770947627882302,-0.2939930978025868,-0.28887911714502396,0.7823495583210772,0.9050298998932267,-0.33937358698826325,0.7953923088465066,0.6249432493772878,-0.47068993162542927,0.6902888705528567,0.6744913125443529,0.7200345344810317,0.40477451533306624,0.3491686452214451,0.8518378912477466,0.855345797708437,0.3845517722596306,-0.4808619536979771,-0.42117546974499137,-0.8535202837941398,-0.5004909428358387,-0.7261078762806604
JPM,0.5830842308463112,0.6948643528515982,0.7050066998803063,0.8139404674339653,0.80164629417368,0.6899782610372321,1.0,0.7918615086648351,0.5447670268426562,0.8613157534096836,0.7889253315714548,0.8443618613437025,0.5916914967979836,0.6751309972032966,-0.18177003123828114,0.9816608438982243,0.6624088231046302,-0.34656737586452696,0.7253185704602709,0.7314820003394439,0.6987403753470858,0.8589772450792755,0.6454678286946658,0.7546020496200859,0.7986466256022536,0.7392008389690907,0.5587710069162584,0.7957071447788044,0.7552266412538805,0.7268580935971048,0.7132758260727454,0.6670569059509337,0.8512499396361851,0.5616043845377806,0.6870965970740233,0.8163400429976883,0.6886064420125242,0.6759625120335492,-0.4178908369985001,0.7372834171230714,0.732039611794927,0.8440659127496545,0.6431579737136994,-0.04856131891013186,0.7128011886077098,0.7160328582927394,0.7377799901082065,0.6640720066046166,0.7992737028151977,-0.31681640382299814,0.10053421672296753,-0.4202771379952077,-0.15069121264298405,-0.05770387484411599,0.7685599555174955,0.8666776242418763,0.5739828185939804,0.8637566854479442,0.7035318607725735,0.9507809337942436,0.8368799110671332,-0.7889509988972438,0.7040356531269328,0.5676858766041366,-0.8821152305853995,0.8714861442576491,-0.7962382433915085,-0.7244332433165771,0.4685835878299538,0.8120094209170409,0.04017641153885033,0.3930669085359116,-0.29648781425509757,-0.6563957647541958,0.6267013480200571,0.6155426386672694,0.6343299506558823,-0.5174207779444259,0.21896812597638945,0.05090662682939271,0.09208718729921424,0.25129881560541933,0.8061105206849082,0.8798219558963304,-0.7033534109433403,0.35705972814177234,0.909985124561485,-0.4473116526919805,0.8383788864634879,0.05405998399276202,0.26719134191231314,-0.02377189276503467,-0.2833821916599014,0.40071547725656015,0.4081407822909101,0.024802560927355288,-0.1827383089031688,-0.4341538896688634,-0.7209069586255936,-0.7131746209212126,-0.8304681341115877
MA,0.8943589351129916,0.9734973553220029,0.9432324995939874,0.9962651640168896,0.8017695265357336,0.9357934949899903,0.7918615086648351,1.0,0.8671914988407364,0.9273853116895733,0.9615983361752048,0.8937052608958928,0.7822502251851062,0.8427772348080069,-0.47709938314753064,0.7173336902201086,0.7338917988911977,-0.7611148354126479,0.973401571673847,0.785696925322212,0.8850716108434136,0.83409777486731,0.569983516222768,0.9302144133689597,0.8020968472586225,0.90348291995022,0.097777454314125,0.8882912947353749,0.6101479831916333,0.962843658134609,0.9760331440729562,0.944968123802806,0.9254827777683096,0.902468884919041,0.9670185740850079,0.9767903151993393,0.9714346674951175,0.8951330371657438,-0.36181405299789554,0.8747599602540791,0.9752734094109444,0.8876483644420233,0.9522527298121823,-0.5969858998652936,0.9674634109883706,0.18650123750449776,0.34922339989011086,0.18921608409872478,0.3399191491681249,-0.5156144350654955,-0.021772660183186136,-0.743310632784597,-0.6253193669342954,-0.44466473734326767,0.9610236018474854,0.8373792547676057,0.913035388572646,0.8075632629741859,0.9126974885270875,0.7705059674037597,0.5351526995410475,-0.8794984595541787,0.6731357896810892,0.9090841227734899,-0.8428579335910102,0.9234662399216476,-0.807088463245759,-0.6411416032210765,0.6530364299339169,0.6952581935410084,-0.2762284327107796,0.48072826647926803,-0.5319709897257214,-0.8527012799794503,0.7762097042963031,0.848174606056084,0.9038161027852372,-0.2566386786370366,0.5413419159262918,-0.12958982418340412,-0.3595616921878031,-0.23949748572861518,0.7976028472062504,0.9576343071423632,-0.4083044181562292,0.7712641656531861,0.7519943510475096,-0.474376089998226,0.7504717773973038,0.7110008566838115,0.6443105930752421,0.3490320858252697,0.2495306655456026,0.7967943396881668,0.8019686367745513,0.3017596599695292,-0.4905109441367548,-0.5229069722438905,-0.924919523031378,-0.6050166446242329,-0.8041293412443729
PG,0.851739613823604,0.8887797192399243,0.7921356334300842,0.8542450299177848,0.6956132537790373,0.891299066031578,0.5447670268426562,0.8671914988407364,1.0,0.7197316530076747,0.8272145355270573,0.6709122086651259,0.7818354465503102,0.6995365642062528,-0.26602626321964373,0.4455438628860959,0.7002488398054173,-0.7654375196787653,0.841148937733969,0.7683976663375528,0.8782870249942696,0.5825659042986926,0.32663798738174304,0.6985842326466168,0.8127467779492594,0.919464655040307,-0.10588787568824636,0.80299334010034,0.2996598891400179,0.8187345828067593,0.8721091148917969,0.8352615982833229,0.7971940751991953,0.8441015448149988,0.8997850224962278,0.8416661829321933,0.9088406245086933,0.8194322046025986,-0.26511314836261357,0.8326904412161452,0.9153375963216196,0.7865717666279596,0.9184335147936035,-0.6963264956800203,0.9150105825394639,-0.075853370334406,0.16043770812294048,-0.04021532687052717,0.09292812814854344,-0.3469918075672905,0.1347600739776763,-0.7272319975807351,-0.6239042531169108,-0.4913978626752167,0.830914586051974,0.5883349750672229,0.9060183192712266,0.5517851963340696,0.8583851617728164,0.47493887840458054,0.39801115064108666,-0.7191593191617831,0.4430756711702331,0.8626953088558996,-0.6908632511956417,0.766972330080004,-0.6242973124688926,-0.5626953086931367,0.8130563795558876,0.5155813669689117,-0.1270530837582566,0.6958880196872721,-0.2868217527627374,-0.7388387698736488,0.6878429181379563,0.8638139428897538,0.8303359667752045,0.10566161392698152,0.7308452798416349,-0.17648853792572758,-0.5505374912700749,-0.4960895176307162,0.5990426499560201,0.8028084455450254,-0.245386275514117,0.8016056717050234,0.5466558489660944,-0.31165639313021776,0.5875320081121863,0.6962591238604796,0.842632443533389,0.6180588797190774,0.5566889316868817,0.8749014298658633,0.8770296264468209,0.5137383420806436,-0.5921026527017603,-0.5129156430224929,-0.7924695256982608,-0.4577120131307369,-0.6654083113603759
UNH,0.8362552053736909,0.9117601128528561,0.9377702327068417,0.9401786146219169,0.9051897881021113,0.8718697050798228,0.8613157534096836,0.9273853116895733,0.7197316530076747,1.0,0.9384205313996661,0.9011784460701169,0.705491233140322,0.8971690301204861,-0.46221673294586146,0.8172787762600414,0.5780107018320151,-0.6642959868311327,0.9404487648588146,0.6918499263807815,0.7896694726310973,0.8435055742321002,0.6612599196818497,0.9492316487066625,0.7783061253384399,0.8268628079535095,0.23806516552957924,0.8681436544261609,0.7785994188666459,0.9260642023964148,0.8998302429413301,0.8550347160793891,0.9187372350295553,0.8291063061443165,0.9083132325777203,0.9435373470224421,0.8748580374312731,0.874875621836645,-0.3750615973675281,0.790607766879702,0.9115488697804152,0.9179170876532412,0.8688863467689788,-0.4798511578990468,0.8840854119478079,0.3626563763844381,0.3936302908058797,0.2800782462662638,0.45164729826604283,-0.5643606472835817,-0.1592429183337934,-0.7033329703782443,-0.45407940363138394,-0.3069607826336963,0.9498116601950956,0.8649138668720212,0.839435540313227,0.8629636052801946,0.9032735806559148,0.8739467322117929,0.21288925037911613,-0.8827410248631298,0.8229105702977153,0.8002128932021627,-0.9083332715696886,0.9194899497177081,-0.8489958031580196,-0.7287859399794284,0.48452467137528576,0.7218132353801211,-0.2171844023994626,0.4274289466269951,-0.5001242103516406,-0.8713913254505339,0.7923894440111388,0.6767161082993014,0.8516512016679955,-0.3742020841763031,0.5080707143520835,-0.030211068051054012,-0.15516182298991613,-0.0761351457842707,0.8231507202612159,0.9593006896311097,-0.5139246415676526,0.5964021596102652,0.7844723576223886,-0.42815224222331,0.808943787584924,0.5412621797433573,0.4846978062485381,0.1756503019866785,0.0416410633471278,0.7008153158011863,0.7070474689630213,0.24164664523406035,-0.49908387372162427,-0.5822843022173643,-0.9018910558153244,-0.7412893519278535,-0.8685768906013046
HD,0.9119736685110246,0.960259291820612,0.9630716255169212,0.96499628914517,0.8445645460290809,0.9144139398666824,0.7889253315714548,0.9615983361752048,0.8272145355270573,0.9384205313996661,1.0,0.8623335678634062,0.7274853257909752,0.9181814986673374,-0.4132363334508248,0.7281993716482615,0.6554063560385451,-0.741316108002129,0.9692736007763394,0.7357085417693094,0.79341499987357,0.785727221330973,0.5230966372928809,0.9314562207143668,0.8209635275379468,0.8932025977745831,0.10851118419992017,0.878670081021223,0.6845951564533967,0.955305550354132,0.9341534282126128,0.9250217234438829,0.9267312145218048,0.8473815055370315,0.9600039591756533,0.9817498661191458,0.9429178414692524,0.8941258349669132,-0.3001736906054096,0.8350649010663147,0.9575920263035633,0.9194803318642778,0.9462689335574987,-0.5768326140962493,0.9286883461898621,0.2343443102765718,0.34934069499452897,0.20117609189081626,0.35347286647461745,-0.5590590741997805,-0.11700000786268516,-0.7567671604330392,-0.5504195713898454,-0.3091391166182583,0.9587880097880167,0.7913473180941585,0.9074255542184649,0.8133368887593017,0.9386669553301183,0.7892503778381577,0.2023686841971757,-0.8715367971209422,0.796782870852847,0.870973229175506,-0.8537601035546142,0.887720519858492,-0.802652161780056,-0.6786163682686555,0.5936643242005515,0.6334743046079451,-0.22497894219997924,0.49633739282658285,-0.4846755327168415,-0.837829052718148,0.8643912657086595,0.7826551434687904,0.9430354371453463,-0.18584285242669257,0.6046929764978947,-0.07492398724984534,-0.3016679416978132,-0.15840831902427033,0.7827176539974504,0.9701127397891433,-0.40816233209183606,0.7387693698474973,0.7451829620202819,-0.35603132877352583,0.7903238040561894,0.6649055758754607,0.6587992029628997,0.3790604138494175,0.22727650586598833,0.8149952127917517,0.8198951686169764,0.4036791170644253,-0.5662765297937532,-0.5993491965112345,-0.9105912356699132,-0.6835546650879555,-0.8223746248285952
INTC,0.7373587110702571,0.8570721275645059,0.8362741048032502,0.9055681331643078,0.792891725607129,0.8238193493159401,0.8443618613437025,0.8937052608958928,0.6709122086651259,0.9011784460701169,0.8623335678634062,1.0,0.6822068393767756,0.7683105870747634,-0.39974037670791834,0.7995372944817672,0.5622408170175237,-0.5942354852578005,0.8655654841212862,0.6806036274526196,0.7541069231998138,0.8473589137646974,0.5673704039613018,0.8765276334741186,0.6782371010094628,0.7776559095027565,0.2941735260740712,0.8017430947996486,0.7296600031291544,0.8417661715146751,0.8489186564991243,0.8045914512972642,0.8362957192871502,0.785004872772255,0.8263034341587814,0.8756084031131627,0.8374714443044635,0.8155168001707458,-0.349031682377922,0.763939079281581,0.8550774058914012,0.8286683777919099,0.7973328675949656,-0.4114617899694009,0.8563820125028683,0.33947300210733083,0.41072609334439614,0.3074498032257583,0.4637953220416522,-0.5226646292098868,-0.09855031623628756,-0.6316781419738051,-0.4958406089327081,-0.30577039437391174,0.874391087362474,0.8389222510518299,0.7359773604605825,0.8834348499215829,0.784946398310399,0.8466349249389932,0.10798817776908441,-0.8269716656093821,0.6909978114864995,0.7887683874539,-0.8379408318445034,0.8572121961953025,-0.807668788646211,-0.6405760733311311,0.5631290113442081,0.7121157776884286,-0.21484616855053668,0.3933772440467293,-0.5330765575676024,-0.7969304228441221,0.6828300656092782,0.6685980679429562,0.7476695296907828,-0.38731819007688445,0.4106991113765257,-0.03935644164799695,-0.15488024702856526,-0.054927103303729394,0.7846546407579782,0.8909175196042903,-0.48838302345126394,0.5773711074732639,0.7606574705755141,-0.4627192569073606,0.6930343194331106,0.4632307773566442,0.4654103295881793,0.13501696641439884,0.036078616178682785,0.6401694292285189,0.6461980156025338,0.10954639933556552,-0.3736365323718907,-0.46720866347036266,-0.8399093030534546,-0.636571405411388,-0.7839286337790157
VZ,0.6313562213478005,0.745977924949924,0.7004258756812318,0.7836433545419264,0.6645088422933554,0.7707312046978406,0.5916914967979836,0.7822502251851062,0.7818354465503102,0.705491233140322,0.7274853257909752,0.6822068393767756,1.0,0.5319777922178531,-0.19732234060707327,0.4819476404229116,0.6452805262478674,-0.47185495358530083,0.7230113511197722,0.7686898668143421,0.8411573553365042,0.7118856122615034,0.6146942071291776,0.6530121772417802,0.677719593877379,0.7685084989895893,0.18028673042520676,0.681318259649093,0.3421783428909197,0.7451460121762119,0.7728973253976258,0.7710608021005595,0.7492579489399023,0.7381210477735214,0.7595720411083448,0.7662875229520588,0.7993297510614746,0.7054690723465782,-0.2749052019609527,0.8087140542918027,0.7831434789571652,0.6608168985758139,0.7482109772382258,-0.4694201934234621,0.7745673103038396,0.02706439836203751,0.3376236340281079,0.09829339298532276,0.14976114021996687,-0.23456057919227138,0.22817893941183634,-0.39013692781685494,-0.5083938004784664,-0.5005104545270863,0.6967298666126918,0.6673182062812897,0.707764044555682,0.4787651885061906,0.6747726373647577,0.5312760487242912,0.5691733641383685,-0.6252212141886262,0.33937805052231895,0.7010320528297986,-0.6238798791765994,0.7953401262773353,-0.5672072665721619,-0.5686142770130024,0.67457867416535,0.7066618112175269,-0.16570468017474405,0.49565818701982467,-0.3085426203608751,-0.6779373524222798,0.4391967485929635,0.7532713495969484,0.7248272704895259,-0.06538095645521798,0.5131663656402264,-0.19264015617313274,-0.4210405989295345,-0.2825847258422245,0.5369168476477835,0.7278892841178972,-0.21548690807064871,0.6677133109135202,0.7140404916192589,-0.25494862543351515,0.5326025994114403,0.48218503213440783,0.5243590583214368,0.30378548187193566,0.19476390857221093,0.6217412647910836,0.625703568745301,0.2604687753562322,-0.3633985892908707,-0.4336706225540727,-0.7239649988117061,-0.49787306575004414,-0.6023179061179039
NVDA,0.9252983352162226,0.8956345376053013,0.9386727267133154,0.8411918787260099,0.8158980050905871,0.8350568997150634,0.6751309972032966,0.8427772348080069,0.6995365642062528,0.8971690301204861,0.9181814986673374,0.7683105870747634,0.5319777922178531,1.0,-0.4598460279926808,0.6419183994136165,0.4120515480751497,-0.7640442166958984,0.9245009264145297,0.498435868336192,0.6092858644811221,0.6134798371741199,0.39899649565777046,0.90558424982273,0.6856893985103679,0.7430880303102496,-0.013875526637972242,0.7876696039443049,0.75106958994136,0.8969748906586484,0.8320470528986403,0.818741451025356,0.7923700534602214,0.7636661632015713,0.8988820089888974,0.8865210022264551,0.8309069411395377,0.8554596757437137,-0.19483108040450595,0.6541854078113792,0.8676831494392273,0.8557607375385659,0.8804389443121672,-0.6106186100012042,0.8062958281929087,0.2082142300460576,0.1830962888900331,0.11651040589866452,0.26121947106049415,-0.6611031466055834,-0.3923960739700224,-0.8290224550405395,-0.5022304298339243,-0.16997540462314742,0.9165093484271275,0.664548014963232,0.8854742399844479,0.797433819300286,0.9085615071892484,0.713274303088359,-0.0712982653561256,-0.7784450117786712,0.8948902213473277,0.7883701817377304,-0.790641143038745,0.7301473970655298,-0.7461854494158978,-0.6112021691105336,0.38608158679259214,0.4352281874961139,-0.26823396551796863,0.4014603431590848,-0.5125382898274566,-0.7922214923999749,0.8934847647965862,0.550793732432707,0.893056441180742,-0.15389210862004407,0.6395044302531985,0.09289125736271564,-0.15694213106937935,-0.12182686165929306,0.7400138196282006,0.8916757211987063,-0.3434816014960162,0.6790947482261387,0.5636310096174814,-0.2568517628689537,0.6997059647478212,0.4568253274763912,0.6058771445832164,0.3321547478427209,0.2427552739061798,0.8095747019283142,0.813253743046546,0.49418052229898074,-0.6121305069081915,-0.5676468443412633,-0.8137277266767353,-0.6426824645625493,-0.7509652381809083
T,-0.4934744309768851,-0.48831799935474274,-0.5425933606409158,-0.45412190245449163,-0.22726080895946027,-0.4860968757692057,-0.18177003123828114,-0.47709938314753064,-0.26602626321964373,-0.46221673294586146,-0.4132363334508248,-0.39974037670791834,-0.19732234060707327,-0.4598460279926808,1.0,-0.1949825799798529,-0.19277714378550329,0.5498350672288086,-0.5358292494921923,-0.08092792858428961,-0.321709420468745,-0.4057537841588756,-0.42732345651099285,-0.6019984188111431,-0.05889340430563793,-0.19613563120351324,0.20918739540070427,-0.4035867335694058,-0.3497617754586221,-0.5515703569228321,-0.5744686412489416,-0.5108037025523366,-0.35432178591766,-0.5590697055037372,-0.49516166468747236,-0.3975228659654921,-0.4508800047618338,-0.4167953447610584,0.26204609270147644,-0.1842985954836314,-0.412282541327745,-0.2911950319940774,-0.4547636295213383,0.47482028690825717,-0.42134028078104907,0.15346569058958118,0.15012407683275003,0.15932288436675585,0.0731121295621014,0.41557938299366076,0.3604152477383198,0.49646331924453346,0.5476356290276333,0.4255702287363888,-0.5030056371638458,-0.5032693042977499,-0.45530432891800116,-0.4237425995773386,-0.3752609103192374,-0.24408903388639497,0.7046951288622406,0.4204055825540794,-0.2755561586791096,-0.5410549229605773,0.28127843249346407,-0.32880723739597195,0.3922365512763935,0.026598354328735297,0.1259134078261115,-0.23423042635939753,0.7497725510561847,0.17513819348283488,0.7367071786482167,0.41590680258056817,-0.33926749968474185,-0.2398431755080791,-0.45493448707032064,0.48034602071401744,0.013496756329577251,-0.01591138007648208,0.08564774889938528,0.15524780383345693,-0.48877293372258,-0.3806007862489148,0.009975910133632835,-0.4117148974968244,-0.08013843570180362,0.6400107056333851,-0.26278989518323187,-0.08204989466422945,-0.09570256499202615,0.02211182953129418,-0.0912105032422997,-0.3224197029750244,-0.32527017762334587,0.05800339944031065,0.14466698392673077,-0.004691262017026504,0.4736408298821542,0.024244212487028387,0.22904512670489885
BAC,0.517781217135414,0.6161167278741112,0.6468398167681986,0.739788141089648,0.7582631829886811,0.6213785955208843,0.9816608438982243,0.7173336902201086,0.4455438628860959,0.8172787762600414,0.7281993716482615,0.7995372944817672,0.4819476404229116,0.6419183994136165,-0.1949825799798529,1.0,0.6029248591509678,-0.2683966217365884,0.6594948794068484,0.630557482665434,0.6162086267589792,0.8329877532638783,0.636510905449986,0.7157678962442389,0.7475034520974907,0.6509321648165561,0.6169877947315877,0.7604520808736437,0.7755741680232296,0.664201657161438,0.645459446413733,0.5859906485176888,0.7899149095046971,0.48038824629616234,0.6098465025712945,0.7479263971032553,0.5977966253230759,0.6058746667209461,-0.43319997633021257,0.6325568642528413,0.6444088547800585,0.8050288609322929,0.5637170736472158,0.05030829570105386,0.6280141183719444,0.7931294539667197,0.7661984661490434,0.7216762952428049,0.8540914240277517,-0.27806477254409834,0.06923670397310897,-0.3714986394454453,-0.059303856982055696,0.04458603223842824,0.716142987621335,0.8549951185418012,0.4941685984915226,0.8652668071743543,0.6438196102931447,0.936877044805776,0.8283307184457477,-0.7409975048584129,0.6939480547677004,0.49090952646322455,-0.8504466819369467,0.8055315897173569,-0.7796652313775305,-0.6875287947296637,0.3497252076355072,0.7795862857014825,0.038145762168486017,0.3309797874782459,-0.2910795823103048,-0.5805499261325364,0.6156139036187697,0.5165712190205808,0.5723755214228559,-0.569949796014195,0.1294463101385361,0.14399890817527825,0.22413882269291877,0.35177480583326104,0.8221741431759987,0.8334419405323454,-0.723883150850094,0.2553776086686547,0.8625123393234463,-0.4761318612216781,0.8189531050162315,-0.1671148989471146,0.17511327399414262,-0.09259532963815323,-0.378854384563406,0.31067936854984174,0.3181304680243439,-0.015109459037544896,-0.10709284457451895,-0.36440667373294366,-0.6462178857699636,-0.672353984356911,-0.7937591699013061
DIS,0.5782369587474155,0.6401307738950927,0.5659496042947703,0.721743316837094,0.4737196878737129,0.6425568133225394,0.6624088231046302,0.7338917988911977,0.7002488398054173,0.5780107018320151,0.6554063560385451,0.5622408170175237,0.6452805262478674,0.4120515480751497,-0.19277714378550329,0.6029248591509678,1.0,-0.3793378182421323,0.6203930514564137,0.7559886451503991,0.7697123430007115,0.6698667920401161,0.5179347008056906,0.5464845873743055,0.7379057862090276,0.7268297264334819,0.23597307393948921,0.6936881903841996,0.25038762463101844,0.6519359054808318,0.7121760481401074,0.7078832674178547,0.6901642640905787,0.5935836514643497,0.6482713907588679,0.7010332040752818,0.7035763833766894,0.5850286924873213,-0.29118787893010617,0.7581161832024781,0.660705070157569,0.6297899072515866,0.6551114667229675,-0.17424171715515724,0.6753559465603232,0.30469210827425586,0.5740420851183414,0.44214349676043035,0.46350389804647935,-0.07524199820675706,0.40285424282771254,-0.337314979453742,-0.3501764937721686,-0.27179291590715327,0.6290862823827709,0.6664902335657641,0.5983921433880911,0.506875560081864,0.5860341940652161,0.5459669500305668,0.814701525021399,-0.5626010195470709,0.24177585190927214,0.6401446847820266,-0.5284039814125535,0.7233405781759394,-0.47038110487465207,-0.3917949042256109,0.5958926111616049,0.6186149455810153,-0.07111052005527167,0.42844363992545165,-0.19963019146865651,-0.412010114216807,0.4486090560902408,0.8306978813753555,0.6448723489447723,-0.17928805847702806,0.22427605425690664,-0.07455614145087831,-0.2538898568781023,-0.017726849209407654,0.6296697232400186,0.711159714482011,-0.28006495839517287,0.5888245572803533,0.6743199690123369,-0.4297834603845548,0.5853750011947062,0.44088426826461397,0.4610879985774598,0.36530119122182475,0.09272463400974569,0.42417654114979364,0.4284549114039009,0.1540525369453799,-0.07440094362971762,-0.17811665753904798,-0.5650216202380753,-0.27144972740670203,-0.5351695877374227
XOM,-0.8637375522750685,-0.8519620350007494,-0.7982988151857215,-0.7416016582917168,-0.5233497944646407,-0.7741369428053421,-0.34656737586452696,-0.7611148354126479,-0.7654375196787653,-0.6642959868311327,-0.741316108002129,-0.5942354852578005,-0.47185495358530083,-0.7640442166958984,0.5498350672288086,-0.2683966217365884,-0.3793378182421323,1.0,-0.8219735663345946,-0.41475145949798964,-0.595259509757593,-0.3750403383096558,-0.12096205729805705,-0.7402026720614701,-0.4957967976060071,-0.6750382267713476,0.5067276174442616,-0.5865532018558351,-0.3672932871513546,-0.7718788359393234,-0.7939309975404851,-0.7781749559571997,-0.6103049763356265,-0.8459196263089109,-0.8342718295625351,-0.7141318397392001,-0.8247836762558627,-0.7773734971795231,0.13588413782628134,-0.5519765915338976,-0.812826610039587,-0.6163980558572446,-0.8434596300531502,0.8540064238076364,-0.8010689131379868,0.2746200878846872,0.24324295110159377,0.3129778950248487,0.15779804409124393,0.7349692661555676,0.39978636994147904,0.927701466424466,0.8158342710710991,0.5906734941787399,-0.7675019735556634,-0.4123335001403326,-0.8761023736781134,-0.4998960876848143,-0.8120754262648073,-0.3567721924376682,0.6170802285120276,0.6979471417676827,-0.5344720969235381,-0.826151615353153,0.5476955027017738,-0.5385323871834387,0.5489690777305493,0.3344006798896853,-0.4680922434397328,-0.16330135577759164,0.480045616651672,-0.361932680603677,0.5758352568685299,0.782153441132814,-0.6820098788966288,-0.6334630422588781,-0.7400392153485792,-0.03885268669878786,-0.6254483144620329,0.25109313160208857,0.5584499638000578,0.5739304714149143,-0.4497977307332492,-0.6450085963378048,0.01683988403481594,-0.7834741597157541,-0.2201761707734582,0.3102317199843197,-0.3764285699492478,-0.6075964351567681,-0.67497014757071,-0.4316938367335861,-0.6507839834518235,-0.856933131208461,-0.858502700115398,-0.39768307424289645,0.7249400694095595,0.5192291066648992,0.7906749949024142,0.3460689654676363,0.5390626077249919
ADBE,0.9459207301056634,0.9887925480806631,0.9872867057345373,0.9692086421055948,0.8188762865414573,0.9303127580767945,0.7253185704602709,0.973401571673847,0.841148937733969,0.9404487648588146,0.9692736007763394,0.8655654841212862,0.7230113511197722,0.9245009264145297,-0.5358292494921923,0.6594948794068484,0.6203930514564137,-0.8219735663345946,1.0,0.6789366283825572,0.8148276387677731,0.7704780857367134,0.5253035337648557,0.9630096695684858,0.7529332187709434,0.8621421902592233,-0.003245275791987974,0.8644286278875233,0.6505510823860478,0.9813744680165913,0.9643498771191878,0.9415607879854062,0.8923720403620946,0.9139046256223,0.9852558755826866,0.9693268510768716,0.9598482544826171,0.9132868367326659,-0.3188417134772764,0.8062337992630652,0.9705176094174026,0.8876166139551726,0.9710513533422033,-0.6857126256008045,0.9465047011433096,0.11994672813577045,0.2295502187184449,0.08750793741231501,0.24034579891319088,-0.6140259836461186,-0.19211562192487064,-0.8175019915167925,-0.6505278555370632,-0.41901211415552264,0.9824112067660462,0.7863512748452905,0.9491485553315463,0.7967077032957687,0.946296342693341,0.7334630854427172,0.05885917381556986,-0.8670362707275822,0.7531990672315565,0.9104219672157823,-0.8254936470070896,0.8696862639405794,-0.803335368780478,-0.6345557957535457,0.5615573816942923,0.5980057469850129,-0.33845676432797595,0.4414332346858129,-0.5756051437676998,-0.8756137033686815,0.8407595196582995,0.7674000023133709,0.9378196860950451,-0.2057759398732774,0.6176794143853345,-0.08462024217496573,-0.3490481762565396,-0.2712993478882469,0.7809762404756606,0.9462904218183887,-0.344555582114241,0.7779927998680648,0.6639773140362063,-0.4100105746249003,0.7213528167144293,0.6731742814504788,0.6578969380949672,0.3656528889132378,0.301387340529442,0.8487634420456819,0.8533418715816363,0.3892456530112319,-0.5869497719258011,-0.5654508894631168,-0.9238061101715733,-0.621325763558877,-0.7947523505337338
KO,0.5798628658647603,0.7020145397036789,0.6179805127688238,0.7972188412144717,0.6928151477555425,0.7194156249123846,0.7314820003394439,0.785696925322212,0.7683976663375528,0.6918499263807815,0.7357085417693094,0.6806036274526196,0.7686898668143421,0.498435868336192,-0.08092792858428961,0.630557482665434,0.7559886451503991,-0.41475145949798964,0.6789366283825572,1.0,0.7980571941371477,0.6842350569925901,0.5025217479504342,0.584580971982666,0.7966883887553449,0.8571630269433409,0.2736409599507385,0.738468448917335,0.37258413274385693,0.6935864340198397,0.7254029064600591,0.7206149971309986,0.8452407492239653,0.6229166276517166,0.7093414547018606,0.7735176382566673,0.7518267632762868,0.6535536184287888,-0.2529040734290288,0.8826373627971571,0.7847736932161145,0.7261723506462593,0.6905316728332929,-0.2766714148662674,0.7786224601768553,0.25909462346952605,0.497096236385525,0.3230190590519267,0.44242199647204744,-0.12215074567795889,0.4371214404619998,-0.35141158626985813,-0.26280770933723807,-0.2971315005555958,0.6838969611076983,0.6444718294288125,0.627286717421764,0.5764115888115634,0.6436552878156624,0.6643083652926857,0.8300634759634057,-0.658214391000773,0.41305524794233056,0.6442895930862752,-0.696533852110511,0.8299317133554294,-0.5724357646906497,-0.5953948382819665,0.8114999950991627,0.7540602481116147,0.13493623199239374,0.6199960426939033,-0.05278096166211979,-0.6049083056604014,0.4547040231874748,0.8339331021288671,0.6462232297734137,-0.19584036047684963,0.3873800111568859,-0.24543172521673692,-0.3720967730283784,-0.14556606104801706,0.5407254581202547,0.7641693495179056,-0.4607474259585905,0.5383520508294736,0.8001811263593365,-0.2986267448893598,0.7304747211334319,0.41682835960088965,0.5463547053931174,0.31932330680464543,0.09254662267737741,0.5480506510007204,0.5525801389463998,0.18834062770426596,-0.30739708867162735,-0.47071021712209304,-0.677818163544665,-0.5790682385106348,-0.6683172036084073
