,AAPL,MSFT,AMZN,V,JNJ,WMT,JPM,MA,PG,UNH,HD,INTC,VZ,NVDA,T,BAC,DIS,XOM,ADBE,KO,MRK,CSCO,PFE,NFLX,CMCSA,PEP,CVX,ORCL,ABBV,CRM,ABT,NKE,MCD,LLY,TMO,ACN,COST,AMGN,BMY,MDT,NEE,AVGO,DHR,WFC,AMT,KEY,DFS,COF,C,VTR,WELL,SPG,NLY,WY,ADSK,VMW,AMD,MU,TMUS,SIRI,VIAC,CTL,ATVI,AZN,TEVA,BSX,CVS,GILD,SO,EXC,EIX,D,PPL,F,EBAY,SBUX,LOW,GIS,GOLD,FCX,MT,LYB,RIO,IVV,KR,TGT,SYY,K,UN,SPX,LQD,SPSB,SHY,GLD,IAU,SLV,USO,UCO,DBA,TOPS,SHIP
AAPL,1.0,0.9494708205552806,0.9227316629267083,0.88120708179238,0.7286060254991162,0.8934494388402602,0.603480677633037,0.8972618794593437,0.8390112101802203,0.8354015834155936,0.9087130467268685,0.7562707054622482,0.632503681469715,0.9166675045244568,-0.46060010247131017,0.5445069109571805,0.5812423270774476,-0.8492405260762403,0.9438268571087836,0.5829620956258378,0.7386944093759679,0.6013063686423386,0.37305881300290644,0.8594428280447723,0.6858314697516728,0.8021507448922048,-0.11176303995660154,0.786081357009266,0.5865121052820996,0.9145860689527799,0.9030613017068994,0.8859113753682196,0.7582118862081326,0.8773798894470464,0.9469271652789966,0.892848787095394,0.912866063378297,0.9171257456165212,-0.15129355229644573,0.7389499613590131,0.9180603927196096,0.7935345970864364,0.9456598517155398,-0.6958891434713725,0.8814905407862312,0.04716928611452039,0.09756033823938604,0.025763304493024657,0.18797296716780573,-0.5837423086241569,-0.21519610185826024,-0.8548138821744078,-0.6422685576067833,-0.33572260818482885,0.9178718865043641,0.632118093815996,0.9682450555389738,0.715974618029555,0.9074185856035083,0.6051554922942057,0.14615232847071735,-0.7259576648094748,0.7029886991233948,0.9199989578492895,-0.6944613721190854,0.7353410459622856,-0.6324306411553313,-0.47844165705430197,0.5217501956700256,0.40490777730114424,-0.32598429837433884,0.4724723643781608,-0.5069538787282324,-0.7753684358865641,0.8133564200205345,0.6770390690026109,0.9351502986431428,-0.07573055386119605,0.6593016320888325,-0.025263537630392238,-0.33315326978486653,-0.2915186352730735,0.7027465950141426,0.8752033489698594,-0.19230893633465176,0.8432888862040506,0.5096080193340757,-0.2948211542203212,0.5989590377414743,0.6297350909995288,0.7402470777374264,0.4809474699548681,0.4238244153767702,0.8883840990221699,0.8911145246948934,0.5079547773547706,-0.5606272735849503,-0.452841279358216,-0.8207271960624237,-0.4630429178440937,-0.6671174695053689
MSFT,0.9494708205552806,1.0,0.9670954436293525,0.9704978473684128,0.8051265192578543,0.936975475021324,0.7070293200364942,0.9739799757753576,0.8811630370794126,0.9093870029089863,0.9578038645949374,0.8676274848357265,0.7453525556240473,0.8895063011885369,-0.4614055242639124,0.6330121387227309,0.638834533801408,-0.8418576812400411,0.988118306666213,0.7030162494820804,0.8421736908273126,0.7576416645452897,0.47498839140523885,0.92570016532703,0.7590070460806577,0.891743778867797,0.005630650942262336,0.8454765894205196,0.5988033967567977,0.956955725600758,0.9625025116161059,0.9361404049255757,0.8747740564047989,0.9359890687447524,0.9898874292511609,0.9602319570938083,0.9768029657161564,0.9232458344816936,-0.3022610403130542,0.8182835913163774,0.981038367615347,0.8624203067916175,0.9848574040268474,-0.7012838755366635,0.9706095884346362,0.08436425561197312,0.18871168070511143,0.04988131429825072,0.24355126683636097,-0.6068497534893662,-0.13806766805087625,-0.8328606806574141,-0.6872429847000289,-0.485407956681919,0.9676188116141063,0.7481819613944255,0.9647875994878023,0.7540312038889325,0.9481146640109556,0.6956175599026732,-0.07969180563936021,-0.8580108474929602,0.6969028395040002,0.9307981377003828,-0.8082824589425324,0.8609535972703304,-0.7715040345753097,-0.603653627048689,0.625171441537729,0.5702735140373106,-0.30209107812744995,0.4936543959058615,-0.5384401163481811,-0.8862111052600288,0.8098398008348479,0.7955561988867311,0.9246296566011968,-0.14939867134546134,0.6409629616586844,-0.1761751289582975,-0.4208754057581753,-0.3402188324719272,0.7320889089429223,0.9250616243385932,-0.32305281542912945,0.8004517196198285,0.6428351179870977,-0.38708393942996877,0.6713119338025514,0.7104630088153692,0.7023151143437604,0.3975763793881274,0.362322381131948,0.873370045852093,0.8778481011309324,0.35026546489618016,-0.6048086435140606,-0.5717047918437501,-0.9339750844080887,-0.599435991557641,-0.7821216583028099
AMZN,0.9227316629267083,0.9670954436293525,1.0,0.9452131391069367,0.8273120341590806,0.8900739939850917,0.7203046839025843,0.9432806700401886,0.776223717061938,0.937841187302086,0.9609744053868341,0.8489693242318387,0.6992825036850727,0.9347137925946217,-0.517234740861663,0.6677962274230955,0.5629743131985936,-0.7816545396828173,0.9864467078541597,0.6171867387078832,0.7766067071020055,0.7951511762663696,0.5562333947739255,0.9716952381177869,0.7255213786177279,0.8243262498426361,0.07043878303573212,0.8314789551738747,0.678065868502967,0.9682429312249036,0.9327937067412081,0.9148697537545869,0.8718879514554775,0.8889211023652301,0.9668288315105296,0.9561688709070704,0.9282918498297054,0.8903610874705367,-0.3503857978009791,0.7575823841018196,0.9366369299058481,0.8702347218472165,0.9500969815016963,-0.6595016527962491,0.9142176049002537,0.1543072160680386,0.22148601123968614,0.07935413928795801,0.27044052496422055,-0.6318165429250947,-0.22752499385095007,-0.787456359154875,-0.6186634383009603,-0.40712619641111886,0.9670674206097862,0.7851101364488463,0.9263092745478274,0.7711918930672326,0.9398589457185266,0.7414303074999746,-0.20577333261768796,-0.8625265481462565,0.7874400920807955,0.8667310241500585,-0.822330542571692,0.8614288560733098,-0.8152214755135846,-0.64529795160459,0.46899730054054495,0.5830299069744506,-0.33838438739471094,0.3709171047066843,-0.5879028603741115,-0.8856681532135396,0.8527717638772273,0.7048960519174668,0.9307093964485873,-0.22370777827304514,0.593952220206504,-0.12516688010730337,-0.3170452576100047,-0.23684864245109447,0.7591242502448111,0.928061419472911,-0.36401162076638127,0.7125885694791425,0.6637540046650457,-0.367631067090426,0.7138317896204857,0.5772595878130485,0.5888533040792161,0.2894022007833879,0.22439062949139865,0.8114869871248652,0.8166251681578287,0.34372748657792607,-0.5895882415147976,-0.591855472878281,-0.9241007289029489,-0.6613295682258307,-0.7983881830172247
V,0.88120708179238,0.9704978473684128,0.9452131391069367,1.0,0.8293553419556873,0.9273138035024185,0.8193654769627045,0.9964190211880558,0.8522544930933627,0.9384319980891425,0.9662300170696866,0.9084892964212935,0.7805128664548054,0.8428865179908124,-0.4350891895727804,0.7487131590690683,0.7189979936318356,-0.7355666295202935,0.9720333676465915,0.7959393803440039,0.8841388626019269,0.8639683861245837,0.5907564344725441,0.9304965490689548,0.8133190462610543,0.9108968161866651,0.1806456959581288,0.8886087208393885,0.6294995585651217,0.961241908538219,0.9678169066475026,0.9400311051975414,0.939839883943693,0.8947414285475583,0.9690292568250702,0.9804273488088893,0.9675085451946921,0.8906429570961106,-0.39017846817286644,0.8745226447339067,0.9755465167271348,0.898859522709369,0.9516997270725591,-0.5620917169298625,0.9685525461806135,0.23336390845808344,0.3695378098257395,0.21168146859623996,0.4025504953773871,-0.5107911985522823,0.004023508244199922,-0.7220521281911347,-0.5856124375605144,-0.44632132956537385,0.9630499531115883,0.8486069714328422,0.9013178540461383,0.8084477297320833,0.9161521088443334,0.7988011854229742,0.5321017373926411,-0.8948785191673132,0.6895781447243821,0.8902730037907819,-0.8666510170749615,0.9406505999728243,-0.8239222522727463,-0.6672283953144932,0.6467323101610567,0.7184722577163605,-0.22583538158960773,0.481048801712571,-0.5008177392155424,-0.8688136334020679,0.7724516521072268,0.8387948624494584,0.8996544645658707,-0.28583222031132105,0.5237251534339619,-0.18187217143252102,-0.3464217864099542,-0.21780583849081958,0.7875610126958138,0.9612936476896372,-0.4630936478796492,0.7284918130457407,0.7785241810113757,-0.46528612530423374,0.7704310020859008,0.7135163062382632,0.6118511292578791,0.2960544409968725,0.19283294045936805,0.7757197667018673,0.7815649944724138,0.23569701789825642,-0.4903819427022826,-0.5535082460084659,-0.9374312109630316,-0.65192332005381,-0.8287095102492914
JNJ,0.7286060254991162,0.8051265192578543,0.8273120341590806,0.8293553419556873,1.0,0.7850216233307367,0.8032142398405464,0.7992403278403182,0.6941424155300326,0.9052595999714885,0.8466444040021364,0.7917773316264365,0.659813874392346,0.8266415283682796,-0.20904459796364047,0.7625344696623502,0.46761002930792644,-0.5155539041430216,0.8215904953310469,0.6893268599636073,0.7253403346925481,0.7628591109288755,0.6070892539769983,0.8012141669384875,0.8287169598983688,0.8465085912442561,0.3389019264198242,0.8382488554540592,0.7207976701970379,0.7997495300954427,0.765686708332267,0.7002924614412603,0.8826456146837609,0.7200141438863242,0.8180282716537431,0.8563717790618225,0.7533709765153165,0.7813267165830163,-0.318086224913289,0.7420498783136685,0.8314187585966165,0.9086789733405113,0.7857263411015641,-0.40378025898388864,0.8132665819756242,0.3786448165980925,0.36633047741194114,0.25181750018453425,0.4897104222129383,-0.44313583451089056,-0.059383407744070166,-0.6042790812575396,-0.2440719785016703,-0.21763462610289697,0.8642788425588962,0.7516761977993045,0.7517606131229865,0.7362626208149201,0.8567700736452878,0.7839835841794632,0.18050169421847043,-0.813334556324123,0.8048424938060402,0.6636724199859423,-0.8973542012161979,0.8561825994696504,-0.8034759718768726,-0.7815423298998339,0.533976204684478,0.6953918339235332,0.06192552655020885,0.595076421324114,-0.21589095685153065,-0.8110085949806205,0.7584063995579854,0.5954493455015574,0.7521887880267909,-0.20202713447996737,0.5920584074774472,-0.07389027788496731,-0.1397903778153563,-0.10692073249802084,0.7004548632271309,0.8814144671557023,-0.6154758107894128,0.4051300730417194,0.7399455157862451,-0.27542291188012874,0.8238351168388488,0.4377667340398887,0.5014550106292367,0.2010474177466492,0.029923575351226715,0.6530655822712672,0.6588577134533287,0.262783829049155,-0.561332623190905,-0.6682579166250446,-0.810389239433835,-0.8212290632581417,-0.8560430248834634
WMT,0.8934494388402602,0.936975475021324,0.8900739939850917,0.9273138035024185,0.7850216233307367,1.0,0.7026653913560555,0.9346453959494339,0.8836106043959882,0.8676756734160499,0.9090384525426887,0.8339691147086091,0.771519552969726,0.8230148184986932,-0.4585229533155318,0.6391928097019238,0.6417193409169057,-0.7569073740060427,0.9255777495078403,0.7215361240169751,0.8423465695996885,0.7566591367484011,0.5177542378903692,0.8493369265687714,0.7612835992023064,0.8719802450218731,0.1001374582035912,0.8929347967827989,0.6082917533662915,0.8996433309007797,0.9527632357257441,0.8653352200157893,0.85257784764739,0.8642269682761105,0.9453708121777266,0.9093922067320522,0.9388744522902015,0.8863546365107108,-0.29060166572551666,0.8105827295323641,0.9418400077910094,0.8247098364444464,0.9270808893999404,-0.6050968637293742,0.9378009001725311,0.12532903007588203,0.2553935355978863,0.11706366143431075,0.2993529644622557,-0.4259233089433646,-0.02111991359915865,-0.7761728452534086,-0.6252889005174689,-0.41646645331534704,0.9070564586829752,0.7722308823812601,0.8987699388667828,0.7799886785572383,0.8706142289158613,0.6555893970497486,-0.1996656375573729,-0.7904532655525482,0.6094319519807864,0.9127786847001769,-0.7994792763033273,0.831110904784659,-0.726376658383491,-0.5468761918728301,0.6135374240745802,0.6259846502004868,-0.2906961242707622,0.544452046815404,-0.5415319060631156,-0.7989512221860727,0.7371117075739224,0.7511053565078293,0.8750660035101371,-0.18754633864735434,0.5867015500696187,-0.02329768525078315,-0.2787924735313886,-0.275951709016401,0.7811012986015943,0.900739976419803,-0.364405941709864,0.7802562532730979,0.6340619515472088,-0.47999561215560327,0.6853088775794418,0.679810068149315,0.7025218538680398,0.3684096725273107,0.3148621553320968,0.8410602180677795,0.8448447125000094,0.33382729749364776,-0.45154613643542013,-0.4069259211817691,-0.8528991888715137,-0.5019623570822764,-0.727098952119907
JPM,0.603480677633037,0.7070293200364942,0.7203046839025843,0.8193654769627045,0.8032142398405464,0.7026653913560555,1.0,0.7992864470651647,0.5547552581513886,0.8694809828050398,0.8031165445003768,0.8449953185294046,0.5914128877072197,0.6988801559092114,-0.17739344659671505,0.9821328251347803,0.6621117196522726,-0.35103348502637144,0.7402069709212945,0.7315829485343116,0.6988588324057757,0.8594753549645668,0.6451915342371043,0.7642041551266153,0.8023968385904808,0.7448513111960069,0.5870177399647339,0.8035412690406081,0.754777005125538,0.748251358499381,0.7253730073101226,0.6891782843449078,0.8592583484297419,0.5634249244874183,0.7105410034014896,0.825887200194837,0.7035669486750763,0.6794741507113431,-0.41919535810982783,0.7424078883172367,0.7471765145583286,0.8563282907338672,0.6667523557949894,-0.03843689646407486,0.7164859239462674,0.7241552515753623,0.7384051548278703,0.6677303375921113,0.8154321507579108,-0.3146897296492034,0.10749215185734168,-0.4240774385382048,-0.14565271737448357,-0.05677661881806446,0.782655728149951,0.8670392746081566,0.5901927270551623,0.8661915506091362,0.7166245205125329,0.9507595311693328,0.844972727469049,-0.7921557545023182,0.7080201143875554,0.5715692990234413,-0.8836905030086925,0.8726062283118896,-0.7981757514855466,-0.7256757375259458,0.46812953099550086,0.811711919035901,0.04500247841129932,0.3913406396986724,-0.29413456499235885,-0.6569305397440808,0.6380988418247708,0.6200983573730511,0.6606849755409788,-0.5237001922708282,0.2154296435789399,0.04644672420112939,0.09682295003862401,0.25631634222973765,0.8083534912392789,0.8916015697897399,-0.7071557743894741,0.3656194739469854,0.91015755938786,-0.4470748551567306,0.8409812639273379,0.06632624185164546,0.26522109955921896,-0.03418755508849438,-0.2980971046871804,0.4060667716690985,0.4137754742728172,0.012688029109508761,-0.17826491938384084,-0.4327420857382357,-0.7234322147686619,-0.7126293060482422,-0.8314354484525921
MA,0.8972618794593437,0.9739799757753576,0.9432806700401886,0.9964190211880558,0.7992403278403182,0.9346453959494339,0.7992864470651647,1.0,0.8632138659280437,0.9248173613759427,0.9611343368763385,0.8981168855282418,0.779673000960993,0.8406063952881665,-0.45622177510186707,0.7286600528607395,0.7321519576259056,-0.7525212073560645,0.9745178964458331,0.7851491125922121,0.8860967672434872,0.8479731822094089,0.5753559260098611,0.9277024570817529,0.7968023407652616,0.9000331488036735,0.15090496209617726,0.8840545772070563,0.6123516858982757,0.9664671812334211,0.9765207187882141,0.9496916109607091,0.9228320873038548,0.8993453351939895,0.9738387984223402,0.9760274783696922,0.9732021798831749,0.8918293423741875,-0.37232621907344615,0.8705729478523793,0.9767009278423916,0.8832020722705342,0.9598309725452769,-0.5774209043596835,0.9668322213509867,0.2098299843178734,0.3556432228757581,0.20265640687175301,0.3794038830872504,-0.5014551850333228,0.005183874290965488,-0.7323938657170138,-0.6112739499718602,-0.44835985255585903,0.9608612339115716,0.83988180885041,0.9148067546393778,0.8047796178518037,0.9102813465363631,0.7756928319085897,0.5435638140752675,-0.8774032229436329,0.6623936196292184,0.9056328532152258,-0.8426670576365813,0.9260171293049474,-0.8045865498218933,-0.634607020672791,0.6436797542057945,0.6999122395857224,-0.26166016486211,0.46898623694374725,-0.5240133198391921,-0.8514470668473821,0.7667031815091782,0.8424893074470842,0.9093425138774771,-0.2798629860058359,0.5210899639328624,-0.15548991604251836,-0.3485328817745723,-0.2277164420906209,0.7938980137968412,0.9560852348129939,-0.42671330654236256,0.7659497324918393,0.7573783370021097,-0.47906432323942577,0.7454711731022695,0.7124158166243066,0.6285108523597402,0.3197362502707998,0.2197721011773037,0.7893418237180633,0.7948162550415337,0.2604791323883304,-0.46924712268130464,-0.5132580505067775,-0.9240122440296612,-0.6055731524465744,-0.8034862040713874
PG,0.8390112101802203,0.8811630370794126,0.776223717061938,0.8522544930933627,0.6941424155300326,0.8836106043959882,0.5547552581513886,0.8632138659280437,1.0,0.7077784874669804,0.815697443081829,0.6774496567964896,0.7849975029577011,0.6721776745842782,-0.22305079606796221,0.4598715267593476,0.7034730551511749,-0.7451328910937547,0.8293840387494017,0.7746172177318654,0.8877670368325462,0.602923697841504,0.3315934556469962,0.681413063190304,0.8110683084373914,0.9192863790388491,-0.04292028523170795,0.7950953467319912,0.29728527032010843,0.8034107302531361,0.8636546444381407,0.8209464263708597,0.7896404311413616,0.8411646718738341,0.8916807882062526,0.8346127839211432,0.9018042890681459,0.815450599159485,-0.280387398574645,0.828493477997309,0.9091595866003405,0.7744788536036655,0.9124724462302194,-0.6709408937780809,0.9165844288267267,-0.051534374306862044,0.16649310027284764,-0.027408793998356797,0.1402957580354706,-0.3202701714339877,0.18172214422830316,-0.7074970466355327,-0.6049145150435727,-0.5032369869108313,0.8194711210094879,0.59024490366483,0.8982390219420647,0.5422279527484604,0.8483659203486408,0.4790796422166904,0.42201910371764284,-0.7138808755502729,0.41838385031838254,0.8571639402720735,-0.6911845187626134,0.7728379526750697,-0.6183344272277448,-0.5544032367424815,0.811733663502178,0.5229868534792884,-0.1013226019152197,0.6928623484475931,-0.2685397749633129,-0.7386547612538131,0.6648496345720856,0.8587939617537199,0.8156626605354057,0.08520979039600943,0.7139526133039684,-0.21749873500797873,-0.546138418714737,-0.4918894854960893,0.5906299836526606,0.7927408939137518,-0.26979308258210427,0.783863817186536,0.5550214057338225,-0.31695416997424397,0.5786701277794413,0.7078356273335047,0.8324755217609343,0.5932684752336174,0.5324859316162203,0.8646375160491097,0.8669558374006862,0.4700263963871013,-0.5678875345543505,-0.5027064513896692,-0.7905137332652313,-0.45897805828689753,-0.6656272863193422
UNH,0.8354015834155936,0.9093870029089863,0.937841187302086,0.9384319980891425,0.9052595999714885,0.8676756734160499,0.8694809828050398,0.9248173613759427,0.7077784874669804,1.0,0.9370802383939926,0.9056944091769181,0.7008965194096859,0.8997284367967766,-0.4410513821835443,0.8297723315607932,0.5726016099329061,-0.6495830906804834,0.9401482732246046,0.6890165672899667,0.788174774916539,0.856971530888692,0.6679745885122287,0.9476981967789397,0.7724032921554841,0.8208389380477878,0.29715623699825433,0.8634492010870337,0.783757043402593,0.9278786597845939,0.8967139241299154,0.8538949121561356,0.9158498515651027,0.8236855966244837,0.9112286052396655,0.941518437506614,0.8715182695428001,0.8710647370429113,-0.38517751962346797,0.7836354998590759,0.9097494632585362,0.9150040211130908,0.8704390216876896,-0.4533618531597802,0.8806222626173944,0.38939600696876264,0.4004672500118005,0.2951065312062259,0.4935542888219855,-0.5516879792443552,-0.1367149689006939,-0.6906312186324695,-0.4336881417635926,-0.3075949371924512,0.9492296054780429,0.8677850206518121,0.8366797511246886,0.8613701842257637,0.9007021321842483,0.8806115114051829,0.20890323497512617,-0.8804015542635825,0.8172303311608285,0.7926217001055186,-0.9093034962006853,0.9217718920894705,-0.8472286912525862,-0.724208922481722,0.47013123600244583,0.7265415332376368,-0.2013807739304369,0.41441734601865216,-0.4912427724650656,-0.870314047959641,0.784366961018632,0.6645456259034866,0.8537074526816399,-0.39918289984365385,0.48690146577634597,-0.05307651047413378,-0.1394738373451717,-0.06062024769441999,0.8200963407924989,0.9579663562901757,-0.5335575024098718,0.5772896242768684,0.7903499667749998,-0.43139598899706944,0.8055820896151568,0.5236615122685477,0.46178496758804016,0.1390618748522669,0.004357475524565603,0.6879655744821517,0.6945711262903511,0.19739808220491012,-0.47856608506831844,-0.5741068731386073,-0.8999750210058229,-0.744180225058134,-0.8690669350933704
HD,0.9087130467268685,0.9578038645949374,0.9609744053868341,0.9662300170696866,0.8466444040021364,0.9090384525426887,0.8031165445003768,0.9611343368763385,0.815697443081829,0.9370802383939926,1.0,0.8720281020846778,0.7257326229318494,0.9147510813891714,-0.3829931398724268,0.7475111703142164,0.6542129441607212,-0.7230034430917265,0.9674272985741041,0.7373574734431737,0.7957437623237152,0.8073584510915821,0.5321750297513854,0.9281813059506472,0.8176618973305685,0.8899320633537264,0.17711712805994156,0.8740161747640035,0.6934414712570467,0.9535246755766159,0.9302012372563949,0.9218494759891547,0.9248072755048563,0.8430250966498074,0.9600689958508544,0.981554731742935,0.9394335945211834,0.8921060211303334,-0.3136697947986439,0.8297016883497156,0.9550672368195526,0.915304510706783,0.9461986862978836,-0.5464014010304933,0.9285243538897878,0.26681269846012384,0.3597276292450038,0.22013360902202087,0.4057128896416438,-0.5439776618806982,-0.08638677669461334,-0.7413612366886924,-0.5290505532232433,-0.3121247527835533,0.9563428547793913,0.7976726468645076,0.9024653268496838,0.813257622355003,0.9348718259447173,0.8009743287280858,0.19741634014625511,-0.8712505411117133,0.7901680849461882,0.8652155970562072,-0.8576856817028202,0.8944789760214154,-0.8023656254209965,-0.6740672898188844,0.5812058829834937,0.6416465848360944,-0.20560352190116585,0.48392565199904136,-0.4749408558107522,-0.8391311151507989,0.8558264930137329,0.772746450585961,0.9439113080119969,-0.2141794964861225,0.5819643628369613,-0.1065809503175763,-0.28714949637936066,-0.1413871404921739,0.7806692343131603,0.9690734605714606,-0.43384076359014284,0.7200024605351572,0.7566379560435614,-0.3609123986229208,0.7886587633291303,0.6457406955357392,0.6383847683432788,0.3428783662011264,0.18815448079209468,0.802488026194185,0.8077560621810211,0.35723559649326575,-0.5429585355067325,-0.5920385273144249,-0.9116625869423616,-0.6901759860948427,-0.8259424007386551
INTC,0.7562707054622482,0.8676274848357265,0.8489693242318387,0.9084892964212935,0.7917773316264365,0.8339691147086091,0.8449953185294046,0.8981168855282418,0.6774496567964896,0.9056944091769181,0.8720281020846778,1.0,0.6801953294794965,0.787076913579029,-0.39415525978983973,0.8017484594479581,0.559050662124389,-0.6017293530830506,0.8779841425655808,0.6784283788908416,0.7527047147208371,0.8495111026801028,0.5673083682130641,0.883385209067897,0.676329837872307,0.779033204204619,0.32349293375935323,0.8041165898272596,0.729196909070242,0.859426680396459,0.858777418093561,0.8243714361256914,0.839347802353768,0.7857524551584009,0.8482228377440374,0.8811809934008166,0.8504508089044173,0.8166506866098461,-0.35248192460623673,0.7646772954260832,0.8675814896004055,0.8344815196507435,0.820391118390235,-0.40866405978961073,0.8584805027007706,0.34999500024551583,0.41241498907010693,0.3124359101415634,0.4824283025974763,-0.5195614307056469,-0.08890168055828032,-0.6353870275398952,-0.49239728878227096,-0.30577230393860194,0.8852397515667889,0.8380037262706553,0.7508516823642725,0.8839964467684339,0.7935027485817263,0.8469464547698872,0.13074639298456114,-0.8280167067015143,0.6904066360702129,0.7921519374331555,-0.8378267887951237,0.8564926861956814,-0.8077809055169377,-0.6389181655580498,0.5602881100019377,0.7117731486383603,-0.20859694819815228,0.38819797787305316,-0.5301330923683198,-0.7964957503716842,0.6879878460054946,0.6690287440969304,0.769743617712822,-0.3977592002302169,0.40497405548178467,-0.048766783429067546,-0.14849723966438455,-0.04903911746577812,0.7837765994285595,0.8974444756812869,-0.49548794172298094,0.5884517030805685,0.7599026358355675,-0.4636383012660653,0.6908636906174914,0.5177730986592143,0.4618853082819547,0.1209831041388915,0.021032075164737665,0.6471443774739648,0.6533959972431341,0.0900601165437004,-0.36724415147516054,-0.4631216909689707,-0.8411374990122449,-0.6354883365184711,-0.7831928337432831
VZ,0.632503681469715,0.7453525556240473,0.6992825036850727,0.7805128664548054,0.659813874392346,0.771519552969726,0.5914128877072197,0.779673000960993,0.7849975029577011,0.7008965194096859,0.7257326229318494,0.6801953294794965,1.0,0.5258959913006135,-0.178744131384293,0.48396959489964303,0.6414195901868212,-0.46183304445779155,0.7223007617947755,0.7662738348758278,0.8392883630871129,0.715801756451112,0.6160132665339767,0.647559662200603,0.6724247995920807,0.7653473650065844,0.216148349330626,0.6762160035714279,0.33887892200344355,0.7489895191103456,0.7730071222946716,0.7790252510381257,0.7457917704279919,0.7340395070556767,0.7671405998382141,0.7638667711776859,0.8028345110250237,0.7006544958196187,-0.27906434206838787,0.806603810861977,0.7850533854630997,0.6557147835800409,0.75702777270757,-0.4590484463297527,0.7712690020446186,0.03871784422426135,0.3398127618498693,0.10482446883566293,0.17002387486169673,-0.22088024289318395,0.24865799606838837,-0.3758247759737316,-0.49900541880927607,-0.5012332467516062,0.6942166799424488,0.6645950489971203,0.7111279418698393,0.4712768711304518,0.6715633564926825,0.5294739431434989,0.5718455995398681,-0.6193470378745615,0.32666049936181335,0.6965866714385872,-0.6192472240927817,0.7930997458222937,-0.561125718416049,-0.5628388710569795,0.6695221969151947,0.7069668036804095,-0.1548195130314027,0.48820436734975675,-0.2998583172997079,-0.6734683116835667,0.42659620220732647,0.7502292362424017,0.7344310057607375,-0.0765648147454172,0.5033944301026297,-0.20879732403550708,-0.41430155427908694,-0.275312646166206,0.5298677927392472,0.7244945089830607,-0.2234457688309401,0.6735942645275123,0.7142245502309649,-0.2541217034335363,0.5255294539371483,0.5510865525740556,0.5150809102939842,0.2868865022532717,0.1763188923079782,0.6185258390079373,0.6226530535235099,0.23809132911723704,-0.3491672539816996,-0.4258212699038392,-0.719772371929885,-0.49507939442933946,-0.5976538166393951
NVDA,0.9166675045244568,0.8895063011885369,0.9347137925946217,0.8428865179908124,0.8266415283682796,0.8230148184986932,0.6988801559092114,0.8406063952881665,0.6721776745842782,0.8997284367967766,0.9147510813891714,0.787076913579029,0.5258959913006135,1.0,-0.4249240083075223,0.673583620104289,0.40396289778450284,-0.7391788014910132,0.9198265574617921,0.4955434263256579,0.6108589797552694,0.6444241684069556,0.41175398707339367,0.9044326451190843,0.6802620453405293,0.7349235938402877,0.06905898082920864,0.7810517008320953,0.7760796645368776,0.8867553058198807,0.8210144680591034,0.7988446029080336,0.7872039599188688,0.7592121684301676,0.8880092894201604,0.8854290275396774,0.8166522335411522,0.8579389478113467,-0.21144743142661818,0.6409688383012481,0.8578979962581146,0.8500253268110427,0.8669852720455999,-0.5717187814684108,0.806051599295288,0.2536766782941779,0.19293532465671123,0.1402745167272318,0.3296179948738442,-0.6528313267708655,-0.3700731678994892,-0.8163413039809314,-0.4734215429784813,-0.17046101779975537,0.9127061454840903,0.6759181510632438,0.87321753298808,0.8054618838808475,0.9031527241049578,0.7355547030804783,-0.10415287189422585,-0.7807707259752129,0.899843541989631,0.780056449108385,-0.8022485474299086,0.7406924114760466,-0.7511587120255581,-0.6083843062517632,0.3611205628949056,0.4438969829991377,-0.24708415902447373,0.3840512650843844,-0.5066888111547069,-0.8006059964403053,0.88627500610042,0.525228296277291,0.8804378468744941,-0.19280224836219823,0.6143128779231817,0.05941670054224801,-0.1321015348385431,-0.09835025072180292,0.7431191004395922,0.8901259390461631,-0.38019085693734844,0.6398338658461749,0.5790576758645195,-0.2627502793348958,0.7003718074193941,0.41819823175299864,0.5761370079129956,0.2806716215330163,0.19225453313589122,0.7913391762695616,0.795438105078191,0.43944381838821106,-0.5872350890206024,-0.562563444368847,-0.8179371496064651,-0.6584408939003006,-0.7614114121402591
T,-0.46060010247131017,-0.4614055242639124,-0.517234740861663,-0.4350891895727804,-0.20904459796364047,-0.4585229533155318,-0.17739344659671505,-0.45622177510186707,-0.22305079606796221,-0.4410513821835443,-0.3829931398724268,-0.39415525978983973,-0.178744131384293,-0.4249240083075223,1.0,-0.19728720309589318,-0.17765983601322885,0.522291386139878,-0.5106634977455066,-0.06279970123224736,-0.3086190262151233,-0.41347826024068496,-0.4314997312644686,-0.583826158763024,-0.028736360443097176,-0.1648910410672224,0.16694275025441235,-0.379495080917828,-0.3474246948671026,-0.525088327065888,-0.5525512916912071,-0.48019346383969147,-0.3287601174311489,-0.5437367170319523,-0.4631290079869493,-0.3712487119852911,-0.41974889739004023,-0.3963538155415658,0.2713791718262335,-0.15373181540701097,-0.37980964511891174,-0.25796873632397577,-0.41866934045138104,0.44282074883335293,-0.4012595237504552,0.13665479801910416,0.15349077037480685,0.1518149690699335,0.04315825441899138,0.39618131894923214,0.34166610625985744,0.46911374038390413,0.528496247035087,0.4294033297480788,-0.4770859626058065,-0.4993430267910396,-0.4209088617472788,-0.40990304126322735,-0.3416740346435166,-0.2387113534248027,0.7610839673451091,0.40318608656844246,-0.24922406231302566,-0.5213933647256869,0.26602566381974185,-0.31724985176630943,0.37735642879726555,0.0009730858989217244,0.1623370957262153,-0.2298979874177856,0.7476043136159565,0.20749973422101803,0.7340566229658527,0.40223114740662846,-0.3030671766432858,-0.20760596289189845,-0.41805824483118115,0.5116401002037922,0.06361844243525704,0.008485393742946662,0.06623621277653352,0.13960141420261254,-0.47639390896049943,-0.35291880117137037,0.020962190732835676,-0.37064003356699887,-0.07229359689749107,0.6490461452383086,-0.24349563338614827,-0.09446211917101806,-0.04914734288124679,0.07348584289522557,-0.05137597928160061,-0.28103045675953214,-0.2841358956203533,0.13074500904816752,0.1045186932405224,-0.03052259136746447,0.4579416486932678,0.011696368055810938,0.21327407942795706
BAC,0.5445069109571805,0.6330121387227309,0.6677962274230955,0.7487131590690683,0.7625344696623502,0.6391928097019238,0.9821328251347803,0.7286600528607395,0.4598715267593476,0.8297723315607932,0.7475111703142164,0.8017484594479581,0.48396959489964303,0.673583620104289,-0.19728720309589318,1.0,0.6048227612162496,-0.2784786752818712,0.6796622492938945,0.6325637621399057,0.6185423351240061,0.833056306351305,0.6366233449724722,0.7305492364366698,0.7547121913779352,0.6601689092686617,0.6388864899125468,0.7729785674468883,0.7761160051008374,0.6915057406504992,0.6625370501116687,0.6133875883167716,0.8019776053402672,0.48583625969729205,0.6387468020882481,0.7617344665533711,0.6172786550033538,0.6130668663485789,-0.43366133592552736,0.6409251171669714,0.6640658361731308,0.8225026971188968,0.5927678706742198,0.055595345969592425,0.6350850516029187,0.7980461015163327,0.7662914191500579,0.723318062682144,0.8655681207849705,-0.2801012708780141,0.07136632720341403,-0.38134244879650603,-0.05846021089187268,0.044806089179017586,0.735727004177152,0.8571584310060575,0.5157492388308805,0.8709354035374282,0.6622676283345764,0.9377221712296171,0.8424353425904858,-0.7475693446875546,0.7025496227344963,0.4989891869941089,-0.8545016183039892,0.8086319159455774,-0.7847093555833532,-0.691725564311542,0.3521723640660315,0.7800993351422376,0.03951363122827404,0.33232897286052726,-0.2918951831601639,-0.583775180126618,0.6342476074277426,0.524804264091811,0.6054243863922814,-0.5733136595161086,0.13048528411627855,0.14378429617472932,0.2263687315399775,0.3542493646120485,0.8279610718108444,0.850015764869753,-0.7256088868302261,0.2682697528003353,0.863395821521417,-0.4763124040614476,0.8247588697476671,-0.1342344804474284,0.17770151181715338,-0.09762765121336815,-0.38902426635097,0.3209236079568398,0.3286498512663174,-0.01936808796647647,-0.10742101733518175,-0.3658546355848316,-0.6519036188029081,-0.6730704088824817,-0.7970802185068288
DIS,0.5812423270774476,0.638834533801408,0.5629743131985936,0.7189979936318356,0.46761002930792644,0.6417193409169057,0.6621117196522726,0.7321519576259056,0.7034730551511749,0.5726016099329061,0.6542129441607212,0.559050662124389,0.6414195901868212,0.40396289778450284,-0.17765983601322885,0.6048227612162496,1.0,-0.3692927083772688,0.6190731868575743,0.7536666355366092,0.7673857877870687,0.6722532614597533,0.5178445359274475,0.5408397443007997,0.7350783476223252,0.7246342593361447,0.26873651336406146,0.691073915540966,0.2468491304037637,0.6552272385298197,0.7132656150242628,0.716652107585904,0.6872813791255737,0.5883785781077585,0.6539895038147077,0.6991314588801334,0.7065090725350442,0.579623378036695,-0.29461947068316025,0.7564269055672546,0.6611418038509117,0.6265536697546547,0.662984327547065,-0.15376481709834902,0.6717776016523846,0.31717357608419616,0.5767750576328959,0.4497625100380196,0.48580877382131804,-0.06127927671147901,0.4228499323628091,-0.32508385004108276,-0.33959640055443413,-0.27094106252717237,0.627273954999947,0.6638570367681025,0.6002676035514657,0.5010603976467911,0.5830238072358875,0.5441712001101133,0.8152896795885761,-0.557292578860215,0.22964502950212792,0.636675112197018,-0.5235697771988941,0.7207269216215144,-0.4643534582084888,-0.3849407795443903,0.5909507232700042,0.6176563048780349,-0.061167953702173525,0.42160718135223213,-0.19120157955453435,-0.40524010005510136,0.44047193971869636,0.8318689116775199,0.6540335389480674,-0.1897421824601608,0.2086194678592189,-0.08689408483554419,-0.24660007372130013,-0.009275099858046752,0.6252338076232095,0.7097892258955806,-0.2870120956005173,0.5945520922140629,0.6735752951507471,-0.4300463649906105,0.5803500168861595,0.4457465002938201,0.4532076592016201,0.35425441058996654,0.07510975800266229,0.415732160624679,0.42020176941653237,0.13108778545988983,-0.05518142930464592,-0.16856053028462534,-0.5596971710308095,-0.2672982663342283,-0.5305875440526543
XOM,-0.8492405260762403,-0.8418576812400411,-0.7816545396828173,-0.7355666295202935,-0.5155539041430216,-0.7569073740060427,-0.35103348502637144,-0.7525212073560645,-0.7451328910937547,-0.6495830906804834,-0.7230034430917265,-0.6017293530830506,-0.46183304445779155,-0.7391788014910132,0.522291386139878,-0.2784786752818712,-0.3692927083772688,1.0,-0.8082318670334357,-0.40669382413823746,-0.594891756842621,-0.3914361906771307,-0.1183978230704791,-0.72584535679347,-0.47799594663698336,-0.6618507043219537,0.4681552751903698,-0.5655881172572159,-0.3698907406397266,-0.7500425232814432,-0.7795162550198237,-0.7552215354161513,-0.5918965461142249,-0.8462700323544763,-0.8169668128192248,-0.6996173086607367,-0.8102133510461036,-0.7736552035263928,0.1478983844749064,-0.5318735797637251,-0.7980852358442797,-0.5920820494570688,-0.8265825411233747,0.8400278994684126,-0.7991532943497801,0.2581842596005707,0.25546938937423536,0.31220746720518294,0.11892656333947357,0.7301723509222641,0.37808398743909283,0.9231000648436869,0.8095175820602303,0.6114479630268549,-0.7507859030387144,-0.4086212399948581,-0.8636149142858752,-0.48863447371557595,-0.7982340269178099,-0.3580976074852853,0.6698648930775389,0.6935476371468894,-0.5141819291356464,-0.8200226682436058,0.5433589776745159,-0.5369157696946925,0.5405189537939453,0.3141296541954992,-0.44866076757375734,-0.15678485129635922,0.4712283802844902,-0.3423789918479656,0.5724599574302447,0.7878481161454718,-0.65670900293563,-0.6142272823267824,-0.7110363934996594,-0.012922377927935961,-0.5998280884390942,0.30273284000319506,0.55652641647508,0.5754375763430081,-0.434517432947759,-0.624557525169553,0.03391901845212373,-0.7592291699444644,-0.21654010334025028,0.3174313728945029,-0.357074783811031,-0.5858647340081904,-0.6516551921546517,-0.39016399932981416,-0.6316383218250562,-0.8437303889936101,-0.8454858988101771,-0.3358861835585844,0.7087692527418177,0.5103679931090502,0.7915460661618022,0.34419028763142995,0.5355722159355092
ADBE,0.9438268571087836,0.988118306666213,0.9864467078541597,0.9720333676465915,0.8215904953310469,0.9255777495078403,0.7402069709212945,0.9745178964458331,0.8293840387494017,0.9401482732246046,0.9674272985741041,0.8779841425655808,0.7223007617947755,0.9198265574617921,-0.5106634977455066,0.6796622492938945,0.6190731868575743,-0.8082318670334357,1.0,0.6799613080224014,0.819790324668092,0.7951451350186173,0.5364240127958079,0.9619354706931359,0.7474269550295137,0.8579903928172722,0.06316540847191203,0.8594941454469738,0.6604306482158043,0.9806111828670586,0.96222540475228,0.9382177458676041,0.8895012757873795,0.913641630854046,0.986116123754326,0.969230776104865,0.9569887331513119,0.9132229002501103,-0.3347652718746886,0.7999937597186821,0.9685461159950773,0.8817350074381717,0.9715259323123818,-0.661254203914305,0.9484817573315961,0.15085990245715356,0.23741461118925206,0.10424342374612311,0.29188186087913986,-0.6012475957924043,-0.16274395441672113,-0.8050619627386002,-0.6335607531520636,-0.4268470673680913,0.9814819837018843,0.7946841566043727,0.9461921858482796,0.7974101244057283,0.9426743452789434,0.7459025874747558,0.04384748174125161,-0.8679358788316528,0.7449209927434413,0.9071633929215717,-0.8302558655276626,0.8780199979841851,-0.8045228239614725,-0.6290412878758369,0.54756467176044,0.6070421735786583,-0.3226877651219963,0.4265624193877013,-0.5698322878027429,-0.8801789515798061,0.8296816388741571,0.7565970483515617,0.9359855023313174,-0.23748324579653138,0.5942388207905752,-0.1192526171586022,-0.33591972717505575,-0.25774734663510684,0.7800737968136859,0.9444909816167744,-0.3708808631349419,0.7599595481439754,0.6750639551906906,-0.418022205522318,0.7179222174792254,0.6599573717954269,0.6359883516156899,0.3259524211816884,0.2636247372653692,0.8373205843007622,0.842270232478581,0.33737687831591234,-0.5634109900466688,-0.5572674982105411,-0.9270258448510227,-0.627734741044991,-0.7991426122143536
KO,0.5829620956258378,0.7030162494820804,0.6171867387078832,0.7959393803440039,0.6893268599636073,0.7215361240169751,0.7315829485343116,0.7851491125922121,0.7746172177318654,0.6890165672899667,0.7373574734431737,0.6784283788908416,0.7662738348758278,0.4955434263256579,-0.06279970123224736,0.6325637621399057,0.7536666355366092,-0.40669382413823746,0.6799613080224014,1.0,0.7960233573557918,0.6866802051653182,0.5022665932189031,0.5800754018491594,0.7948614826051276,0.8578562174869424,0.3077353000612323,0.7369345557223917,0.3698101559418888,0.6989878712740409,0.7269334420729248,0.7301106525354691,0.8458989935807759,0.6182723398301403,0.7186325279862784,0.7735515248311131,0.7568357828697936,0.6494972061027745,-0.2561939580305385,0.8835400712763278,0.7901614265171212,0.7258062119659565,0.7006522767114551,-0.2614247915091982,0.7770000991859751,0.27110109030343016,0.49945254487158086,0.32982234141857164,0.4643158053466272,-0.10905712214712844,0.4576171007388336,-0.3397708063254943,-0.2500826573946162,-0.2964405609610586,0.6840866999041819,0.6416472979932298,0.6307959968323553,0.5715157161602243,0.642839760117592,0.6632759427341086,0.8317648350973894,-0.6544530640870126,0.4043332577770219,0.6408749752220165,-0.6935662283670915,0.828343014955665,-0.5677865157680307,-0.5911783642662908,0.8100849865092936,0.7539620731611902,0.14718268668543485,0.6156096094720341,-0.04277288710542096,-0.6005882258527299,0.4467659697735579,0.8351870163528629,0.6555052379610994,-0.2064656327737333,0.3769651964836246,-0.2597857893343122,-0.36605266561654304,-0.13839020777806615,0.5350704447810013,0.7642523273597669,-0.46886523348811343,0.5405297229030028,0.8002215827316954,-0.2982100281013169,0.7273811170033455,0.3991338265700573,0.5413941240365596,0.3067868373350188,0.0749542418657498,0.5455370693499757,0.5502476206746618,0.16719419095531304,-0.2950221523773276,-0.46476148821645696,-0.6743457094475961,-0.5770388131948286,-0.6651444038604213
